0
2901
5522
7614
8981
9508
9166
8019
6216
3976
1563
-737
-2657
-3966
-4498
-4172
-2998
-1075
1416
4235
7107
9747
11900
13356
13984
13735
12657
10883
8619
6122
3676
1555
0
-809
-774
114
1775
4043
6687
9437
12008
14136
15602
16256
16034
14963
13161
10820
8191
5554
3187
1341
209
-91
466
1818
3816
6240
8826
11289
13360
14808
15468
15258
14188
12357
9946
7194
4378
1781
-340
-1778
-2399
-2157
-1097
645
2866
5307
7685
9726
11190
11895
11744
10727
8927
6508
3702
779
-1975
-4298
-5970
-6839
-6843
-6008
-4451
-2365
